11,10,1
-0.0234722729025
-0.0960566277579
0.245381820878
-0.0188214996346
0.247956267566
-0.0647427400674
0.209978787517
-0.138399191116
0.258440546928
-0.0658461575251
0.23079274569
0.000442261038308
-0.00167821772145
-0.000863121578384
0.000479410450936
-0.000130363191834
0.00192036230768
-0.000626920268765
-0.00106075827764
-0.000890583921653
1.08387010631e-06
-0.000166140379152
0.431648428423
0.499322651134
-0.29864871375
0.435971407564
-0.202511077808
0.418785880503
-0.0560299260517
0.652063690989
-0.313301628832
0.494000457268
-0.195239084849
-0.0558192123811
-0.225504718374
0.582365716584
-0.0451713409178
0.585638186222
-0.152690281745
0.496789281745
-0.330605846441
0.609325871324
-0.153811783792
0.548680650974
-0.000594955670133
-0.000581269537528
-0.000655894146184
0.000925148853357
-0.00129916134425
0.00101116686721
-0.000288440182767
-0.00106771306536
-0.00107760089756
-0.000796773763019
-0.00148604258186
-0.03352678336
-0.136483254368
0.355073897258
-0.0267963573514
0.35668283152
-0.0926598641501
0.302819598041
-0.20176999331
0.371106754601
-0.0959172405638
0.333164008572
3.42813046435e-05
-0.000713919392856
-0.000422341824991
-0.00137732010369
-0.000507186970437
0.000452689723978
0.00189312019321
-0.00102527726201
-0.000193450279437
-0.00100811469489
-0.000264234253394
0.557685271743
0.649559144755
-0.387027971511
0.56526763273
-0.262756377599
0.544156799216
-0.0728831586893
0.847130649457
-0.406540962716
0.642207081082
-0.253753953466
-0.00108639929286
-4.47533280047e-05
-0.00116370241975
0.000568939495004
-0.00046264385554
0.000287355104833
-0.000977338710838
-0.000222436258436
9.69317678802e-05
-0.00018838434888
0.00159160215837
0.000585810827275
0.000203675392015
-0.0018565207004
0.00037818945617
0.00123614031517
-0.000689971803535
-0.000198354692212
-0.00302573987292
-0.00124562622341
-0.00208403947151
0.000104121646293
0.175867043486
-1.47890920695e-05
0.178644383604
0.415872641751
0.0
0.253791816185
-0.000206351315751
0.232190309576
0.0
0.0
-0.595462055728
-8.98252015863e-05
1.33110240879
-1.40941518671
-0.00123280322633
-0.858536432807
0.000516670456619
1.72810074812
-9.07950677744e-05
-0.000825079628916
-0.612424587758
